网络包实例解析
CAN网络包实例解析
PC→CANFDNET
PC发网络包，让设备端CAN0通道发送1帧CAN报文：标准帧ID—0x7FF 数据段（hex）：01 02 03 04 05 06 07 08
网络包实例：55 00 00 00 00 18 00 00 00 00 00 00 00 00 00 00 07 ff 00 08 00 08 01 02 03 04 05 06 07 08 bd
解析：
55 为包头
00 00 00 第一个00代表CAN报文，类型参数固定00，保留位00
00 18 代表后续跟随数据区长度0x0018字节，即24字节
00 00 00 00 00 00 00 00 为8字节时间戳，当发送CAN(FD)报文时，如果无需队列发送，则填0即可。
00 00 07 ff 为4字节CAN(FD)帧ID
00 08 报文信息，bit3为1代表开启发送回显，如果无需发送回显，且发CAN的标准数据帧，则填00 00即可。
00 报文通道CAN0
08 数据长度8字节
01 02 03 04 05 06 07 08 为数据段内容
bd 1字节异或校验位
CANFDNET→PC
CANFDNET收到1帧CAN报文通过网络包上传PC，标准帧ID—0x7FF 数据段（hex）：01 02 03 04 05 06 07 08
网络包实例：55 00 00 00 00 18 00 00 00 62 71 a1 ac 03 00 00 07 ff 00 00 00 08 01 02 03 04 05 06 07 08 a8
解析：
55 为包头
00 00 00 第一个00代表CAN报文，类型参数固定00，保留位00
00 18 代表后续跟随数据区长度0x0018字节，即24字节
00 00 00 62 71 a1 ac 03 为8字节相对设备上电的硬件时间戳，单位us
00 00 07 ff 为4字节CAN(FD)帧ID
00 00 报文信息，00 00代表CAN标准帧，bit2为接收方向有效的位，为0代表正常接收回来的报文。
00 报文通道CAN0
08 数据长度8字节
01 02 03 04 05 06 07 08 为数据段内容
a8 1字节异或校验位
